1311 11
1674 31
1674 66
276 1740
1331 26
26 1331
26 1284
210 1741
1422 1668
11 1311
698 958
142 200
1741 210
494 1405
1712 494
494 126
494 1712
1712 494
494 1712
1386 1284
1078 26
1058 712
26 1078
1189 1487
1668 1422
318 94
616 430
616 1666
1284 26
1289 1676
1284 1386
1311 11
1311 1312
1312 1311
1312 1311
1311 1312
1312 1311
1312 1712
442 31
175 1435
430 616
11 1311
1311 11
1157 1496
1157 1496
1284 1311
232 1135
1534 1752
1311 1312
200 142
723 1646
1666 616
1666 968
31 2
31 1674
31 1730
1492 1112
1646 723
1646 1668
1712 1646
1646 1712
1712 1646
1646 1712
1712 1646
1646 1712
1712 1646
1646 1712
1712 1646
1712 1312
1646 1712
643 7
1435 175
1668 1646
1342 8
1041 1337
1041 1729
1405 494
1712 1646
1177 1712
192 117
248 581
1230 1666
1646 1668
1646 1712
248 973
1740 782
1740 276
430 1230
248 436
41 343
877 1646
40 1744
40 1651
66 1674
1729 1041
787 8
47 1654
1008 26
41 1743
1539 47
581 248
1496 1157
1496 1157
2 31
1747 1405
2 311
1135 232
26 1284
26 1008
1743 41
1422 1668
1405 1747
1668 1646
1668 1422
1230 430
94 1386
94 174
94 318
8 787
311 2
8 1342
174 94
11 1311
1623 430
1041 1729
968 1666
430 1230
430 1623
1729 1041
232 1135
232 126
1623 430
494 1405
430 1623
1311 11
1623 430
1747 1405
1405 494
1405 1747
1342 8
26 619
1473 1492
1284 26
524 1542
430 1623
1747 1405
482 188
1405 1747
1747 1405
1643 345
1405 1747
723 1646
1008 26
1646 877
1646 1668
1646 723
1422 1668
619 26
26 619
1519 1486
1492 1473
1668 1422
619 26
1252 643
1157 1496
1157 1496
1674 66
1643 430
873 619
873 619
560 430
619 873
560 94
1394 1112
35 210
210 35
430 1643
430 560
1422 1668
873 619
619 873
1668 1422
811 377
873 619
26 1284
26 1008
94 560
318 94
94 174
94 318
1126 1202
1542 1723
696 213
1135 232
439 1383
996 414
1422 1668
494 1405
213 696
1668 1422
232 1135
232 192
414 996
192 232
190 428
232 192
723 1646
1496 1157
84 1433
560 430
560 94
1422 1668
430 560
94 560
696 213
1487 1189
1668 1422
1745 1729
1433 84
1157 1496
2 311
66 2
248 66
1189 1487
1643 1753
1646 877
1646 723
143 11
143 8
846 560
560 430
560 94
560 846
560 1712
672 1252
1754 641
1405 494
1712 560
1723 1542
1408 442
1408 166
877 1646
188 482
482 188
1666 653
1345 1313
494 1405
1654 47
1654 718
473 1284
1284 473
1284 1311
473 1284
1284 473
620 923
620 1646
620 923
473 1284
1747 1405
1747 798
428 190
846 560
430 560
430 1315
1315 430
1071 1157
430 1315
1631 1038
2 143
1755 1654
1311 11
1712 1584
560 1712
560 846
560 430
748 473
430 560
1542 1723
190 428
311 2
1739 503
787 8
11 143
11 1311
248 494
307 1654
1435 1756
560 430
430 560
1625 1623
430 1730
1730 31
143 2
143 11
11 143
143 11
11 143
143 1757
143 11
11 143
143 11
11 143
143 11
718 1654
11 143
143 11
11 143
143 11
1712 787
11 143
143 11
11 143
11 1254
345 1748
1623 1625
307 253
1311 11
8 787
8 143
8 1342
428 190
143 8
1740 276
1740 390
1740 783
1740 276
1740 1379
1740 1496
1740 1281
1740 474
1740 772
1740 1390
1740 587
1740 1672
117 192
248 143
467 1747
1646 877
1646 620
1675 232
1675 232
524 210
94 560
726 560
1532 1488
1748 345
1672 1740
969 1747
2 311
2 1727
2 1737
2 26
2 248
2 969
1466 308
1654 718
1284 26
8 143
8 1654
8 1466
8 1730
8 1488
8 96
8 7
8 1254
8 1307
1307 8
8 1307
8 1758
8 1759
8 1748
1307 8
1307 8
8 1741
8 1307
8 1718
8 1752
1307 8
7 8
8 1307
8 7
1307 8
8 1307
190 428
7 8
8 7
8 1307
1307 8
7 8
620 1646
1654 8
1284 1730
1284 7
7 1284
1740 1672
1740 276
1254 11
1254 8
1312 1712
809 232
26 1284
809 1337
307 673
1345 1313
1757 143
1730 8
192 117
192 117
311 2
473 748
1753 1643
143 1757
174 94
345 1654
174 94
493 388
1342 8
994 26
1643 1753
994 1748
446 394
994 317
994 317
1112 1492
1643 994
248 446
143 1760
1112 1394
994 1643
1643 994
994 1643
1643 994
994 1643
1643 994
994 1643
1643 994
1496 1157
994 1643
248 1496
994 1643
1643 994
26 994
1643 994
994 1643
994 1643
994 26
1753 1643
1252 672
809 174
1761 1280
1757 143
66 317
66 712
66 96
66 96
66 96
1345 1677
1677 1345
1677 474
2 311
1755 712
1755 1643
1755 1374
517 1345
767 1279
1466 8
1120 141
11 1254
11 1311
11 1312
11 1386
1345 1677
311 0
1492 1112
1279 767
1280 1761
430 1496
307 1761
1126 1664
1126 996
1567 1584
174 809
508 1025
1643 1755
822 241
248 43
809 174
43 248
248 43
43 248
174 809
8 1466
8 1342
8 1730
8 1254
8 1654
8 1307
1761 307
1761 1280
1280 1761
809 174
174 809
66 1345
66 1238
307 1761
1342 8
1342 2
1342 11
1342 11
8 1342
8 1386
8 1264
8 1762
8 1762
8 1762
8 1762
8 1762
8 723
560 430
560 94
560 726
11 142
11 1342
11 8
8 11
8 11
142 11
428 190
11 142
11 1762
1762 11
11 1762
11 1312
1312 11
11 1312
1312 11
1394 1112
1394 1745
11 1312
1312 11
11 1312
1312 11
11 1312
1312 11
11 1312
1312 11
11 1312
1312 11
1312 11
11 1312
11 546
1312 11
1646 620
11 1312
1254 8
11 1312
1312 11
1008 26
160 1254
482 1407
1761 307
1761 1280
809 174
842 1236
1345 1313
809 174
8 1254
1492 1112
8 846
26 1008
143 1757
430 560
614 1763
1672 160
1757 143
142 11
66 1033
1157 1071
1157 1496
71 1764
1252 1156
1677 778
581 26
2 1342
241 822
254 0
0 254
1280 1761
1761 1280
1254 1672
1254 1672
1307 8
1254 160
494 248
8 1307
174 809
26 581
190 428
1264 8
1715 1307
1755 1643
442 1408
8 1264
581 1677
1762 11
1264 8
809 174
1643 1755
1643 1753
1307 1715
1307 8
1126 1349
1126 546
1284 26
651 51
11 1762
143 1757
1358 1342
546 1126
1753 1643
11 1312
11 142
11 7
1342 8
1342 1358
1342 11
1342 2
1342 11
1311 11
11 1311
1712 1311
11 1342
1757 143
1311 11
11 1311
616 430
1677 710
1677 710
430 616
1666 1279
1747 467
1747 969
8 1342
1342 11
8 1307
1342 8
798 1747
1280 1761
18 1180
18 7
7 18
428 190
428 241
1740 474
1279 1666
673 1279
193 8
1677 327
1390 1740
241 428
26 1284
2 0
1311 11
1643 1753
1697 1643
1755 1643
1755 68
1755 68
1755 68
1755 1311
1755 1402
1761 307
174 809
1312 11
581 26
26 581
307 1761
581 26
809 174
1358 1342
1341 1358
1358 1341
1402 1755
1755 1402
1252 811
1544 808
1643 1697
1643 1755
1307 8
311 0
193 198
193 294
808 1544
1126 1259
428 241
1126 546
1126 1033
1126 141
1311 1755
1761 307
143 1757
47 1539
51 651
8 193
8 1342
8 1307
1345 8
1342 8
1342 1358
241 428
1753 1643
1712 1307
1712 232
232 1712
1712 232
232 1712
1712 232
232 1712
232 1675
1712 232
232 1712
1712 232
798 1474
174 809
1757 143
842 1236
1643 1753
969 1747
276 251
1279 1737
623 594
1715 1307
1715 1307
190 428
1492 1112
8 1342
8 1345
143 1757
1112 1492
1345 8
1492 1112
1508 1668
317 994
560 430
560 94
726 1279
809 174
430 560
1761 307
1252 1743
1284 26
0 311
1737 1279
1668 1508
2 31
0 1654
1342 8
1757 143
1697 1643
308 1466
1279 726
174 809
428 190
307 1761
1252 983
1252 548
1643 1697
1309 560
726 1279
1252 1764
1025 508
1740 1390
1712 808
8 1345
8 1342
1748 1062
594 1100
594 1100
1761 307
1345 8
0 311
2 0
0 2
0 2
1743 1252
2 0
0 2
2 0
808 1712
1654 0
11 1312
11 1311
11 1342
1312 11
855 1116
311 0
0 311
8 1345
8 1254
1345 8
8 1345
192 1361
1307 1712
1307 1715
11 1312
809 174
174 809
1311 11
1646 232
1646 748
1712 808
643 142
767 773
1252 1743
1280 1761
11 1311
710 1677
1312 11
1675 232
1747 969
1747 171
31 2
388 493
41 1328
1328 41
41 1328
41 1730
1747 1439
143 1757
1747 1074
1074 1747
142 643
1342 11
1747 1074
1342 8
969 1747
969 1640
969 773
969 297
1313 1345
1022 1765
270 276
270 637
270 712
442 41
297 969
994 317
1764 1252
994 317
1764 71
1180 18
8 1342
8 66
190 428
1254 41
1764 1252
1761 1280
1279 726
1712 1194
1623 47
47 1623
1741 210
66 8
66 1766
66 1767
66 1768
66 1759
66 1748
1041 1337
969 709
1252 1764
2 31
2 31
1345 1313
1311 11
1676 1289
1755 1643
1755 1311
1402 1755
1747 969
1280 1761
26 581
26 1284
1041 66
1041 1729
560 430
1623 47
560 1309
1712 560
166 1757
1764 1252
430 560
210 1741
1761 1280
1761 307
1761 307
1741 210
311 0
1508 1743
0 311
1280 1761
104 712
104 1623
104 41
104 1643
307 1761
1623 104
1643 104
1643 1755
11 1311
11 1342
11 1311
1755 1643
1755 7
1643 1755
1755 1643
1129 651
66 709
7 1755
1755 7
809 174
7 1755
104 1643
104 1623
493 388
232 1646
232 1675
1623 104
1342 11
1675 232
11 1342
1342 11
1342 8
11 1342
581 26
1342 11
11 1342
1342 11
1309 560
1284 26
1643 1755
1643 104
1284 1311
11 1342
11 1312
11 1643
11 26
1312 1284
1643 11
11 1643
1643 11
11 1643
726 1279
1643 11
1439 1747
1342 11
1311 11
1311 1755
1311 11
1033 1623
43 1668
11 1643
11 1311
11 1342
26 11
11 26
11 66
1623 1033
1623 47
1761 1280
1757 143
8 1342
1677 1117
1643 11
171 1747
31 2
1342 11
1342 8
8 1342
31 1041
1237 31
1342 8
31 1237
8 1342
31 8
8 31
8 31
1237 31
1342 8
8 1342
1342 8
1342 8
8 1342
8 1342
8 1342
1342 8
1342 8
8 1342
8 1342
1342 8
8 1342
8 1342
8 1117
143 1757
94 560
1279 726
94 174
1761 307
66 1769
47 1623
188 357
188 442
188 1748
104 1643
104 1623
2 31
104 1623
104 1623
104 473
188 707
188 43
1755 7
1755 1402
1755 1643
1755 1311
26 11
26 1284
1623 47
1623 104
1685 26
26 1685
1685 26
26 1685
1311 1755
1311 11
104 1623
66 393
66 393
104 1026
104 1517
1643 104
1643 1755
1685 1643
104 1643
1643 1685
1685 1643
1643 104
1643 1685
1685 1643
104 1643
1643 1685
1643 104
104 1643
1643 1757
104 473
1643 104
104 1654
104 1643
104 1640
1643 104
104 1643
104 1117
104 43
104 473
1643 104
104 1484
104 1643
104 8
1643 104
1280 1761
43 104
1280 1770
1675 232
104 43
104 1643
94 1451
1755 1643
11 1311
11 26
1668 43
26 11
428 190
190 428
1712 1194
1623 104
307 1761
1770 1280
1117 8
1117 1677
1117 104
1284 1312
1284 1189
1466 308
276 270
8 1117
8 7
1117 8
473 104
1280 1770
1643 104
1643 1755
11 26
1311 1312
96 8
748 1646
672 1252
1761 307
1761 244
672 1252
1564 26
7 8
1712 616
104 1623
104 1117
104 473
104 1643
616 1712
1712 616
174 809
1117 104
1394 1771
1666 104
1771 1394
1666 1117
31 8
1712 1584
66 1041
1712 524
31 8
31 8
31 11
524 1712
1312 1311
1252 672
808 1712
808 641
1646 748
1666 941
473 104
66 255
66 473
1685 255
1623 104
1033 1312
1730 8
1730 41
473 66
1623 47
983 1207
1058 712
66 1343
428 190
809 174
1312 1033
66 1674
673 1252
1712 1492
190 428
43 1668
188 143
1772 678
1544 808
1343 66
1311 1312
26 11
1311 1343
1755 1643
1488 1532
1755 285
1755 285
1755 285
1755 285
1755 1129
1755 1129
1755 1129
1755 1129
1755 524
1755 524
1394 1771
8 31
8 1730
62 126
0 311
8 96
8 7
8 1117
1117 1666
1117 8
1343 1311
1757 143
1757 1643
1643 1757
1643 1755
428 190
429 71
429 143
429 7
8 1117
1117 8
1117 8
1755 1643
1126 318
560 430
1715 1307
1715 1307
190 428
678 1772
560 1309
1236 842
1685 1394
560 94
560 1712
696 641
174 94
696 1773
1492 1712
1311 1343
1386 8
1386 11
1386 94
430 560
8 1386
1033 1312
1307 1715
1623 47
1757 1643
1771 1394
174 809
1237 1471
748 1646
1252 673
560 430
1643 1757
1772 678
709 969
709 66
1685 709
709 1685
1252 1772
1685 709
673 1252
1761 430
619 26
430 560
430 1761
1471 1237
1252 673
842 1236
18 7
18 1180
673 1252
851 1774
1194 1712
47 1623
641 808
641 696
808 1544
969 1747
969 709
428 190
66 709
66 1775
66 1774
66 1776
66 1776
66 1769
8 1312
8 1312
8 1312
8 1312
8 1312
66 8
7 8
1777 233
0 1778
1402 1755
1761 430
1230 1167
31 1730
190 428
31 442
31 376
1755 1402
1747 969
1747 171
1394 1771
26 619
1394 1685
393 1189
1623 47
1051 696
1189 1284
1189 393
1051 1237
651 1129
94 1386
94 43
1280 31
560 430
1167 1230
8 7
430 1761
430 560
8 31
1284 1189
524 1755
43 94
1755 524
524 1755
428 190
1490 131
311 0
1755 524
1771 1394
0 311
0 311
1312 8
1312 8
1312 8
1312 8
1312 8
542 1512
1230 1167
1755 473
696 1051
696 641
1757 1643
473 1755
524 1755
1402 1755
1623 1051
1646 748
994 317
31 1280
31 8
104 1623
1643 1757
104 1117
171 1747
104 1623
1167 104
104 1167
1623 104
104 1623
104 1038
1623 104
104 1623
104 1254
1254 104
104 1254
1623 104
104 1623
1394 1771
1771 1394
1180 18
1623 104
104 1623
1712 592
620 592
592 620
1623 104
104 1623
18 1180
18 1312
104 18
1685 1025
1025 1685
18 1312
1685 1025
18 1025
1312 18
1025 1685
1685 1025
18 1312
18 1312
1025 1685
1025 1685
1685 1025
1117 307
1025 1685
1685 1025
1779 1254
7 8
104 556
104 556
26 1685
190 428
1772 1252
1252 1772
1740 592
41 1254
41 104
1755 1402
1311 1312
1755 1311
1311 1755
1755 473
1755 1311
1467 1553
1685 26
560 430
393 1189
430 560
8 7
43 35
26 1685
35 43
1312 18
1312 8
1312 1311
18 1312
308 1466
1394 1771
104 41
1189 1284
11 1386
11 26
11 1643
11 1342
11 1312
11 1311
1311 11
1312 11
1126 1770
1312 18
738 968
11 1312
11 1311
1771 1394
8 1312
1051 696
1051 696
1337 340
1051 1337
1337 8
1337 1051
1051 1337
1337 1051
1337 1051
1051 1337
1051 1337
1337 1051
1051 1337
1284 1189
1337 1051
18 1312
1623 1284
1189 1284
1337 340
1623 1051
307 1117
1747 171
1747 1361
1312 18
1312 8
1117 307
1312 1623
1623 1312
1180 18
515 1444
515 1444
515 1444
1312 1623
556 104
18 1180
18 1312
397 26
1544 808
341 842
171 1747
1312 18
1770 1126
1774 66
1774 851
104 556
1712 1774
1774 1712
673 1337
430 482
18 1312
430 1584
430 1770
430 726
1237 1051
1712 1774
842 341
651 1727
1747 171
560 430
1051 1623
1051 1237
430 560
430 1038
1770 430
1311 11
26 397
430 1770
1126 1770
1126 1202
171 1747
1394 1771
406 371
428 190
11 1311
343 41
1361 192
1361 1747
307 1117
1770 1126
651 861
1342 11
1311 11
1126 35
1771 1394
1685 26
1313 1345
1757 1643
1757 166
104 851
8 1337
8 1312
8 31
11 1342
11 1311
1685 474
556 301
301 556
556 301
1312 8
301 556
620 592
556 301
1342 11
430 494
430 393
556 301
301 556
397 26
301 556
1471 26
1117 307
35 1126
190 428
104 638
104 638
1348 1182
560 430
1584 2
2 1584
430 560
31 8
1126 35
1311 11
767 592
767 1279
430 968
968 430
430 968
968 430
968 430
430 968
430 1311
270 276
1623 1312
1623 1051
1715 1307
1284 1623
1284 1020
1180 18
1008 26
1008 26
1311 430
1051 1623
1623 1284
1623 1051
430 1311
1284 1623
1311 430
430 1311
1772 1252
1623 1284
18 1180
1279 767
1252 1772
197 808
430 1254
8 1312
1284 1623
31 937
31 66
1312 8
1623 1284
641 710
66 1303
1532 593
1685 357
710 641
357 1685
1685 357
430 357
1685 1623
357 1685
357 430
1685 357
1757 473
430 357
641 710
357 1685
357 430
710 641
430 357
473 1757
18 446
1051 1623
811 1252
1020 1284
556 301
376 31
301 556
808 197
1345 1313
270 26
270 1643
1674 66
1311 430
1643 11
26 1685
26 397
26 1471
26 1008
560 430
26 270
430 1311
430 560
1160 256
1313 1345
1311 430
430 1311
1715 1774
66 1774
197 808
8 1312
430 1189
1189 430
430 1189
1189 430
430 1189
808 197
1774 1715
1774 66
11 1643
11 1311
11 1342
41 1254
94 560
94 174
94 43
767 1279
1254 430
430 1254
50 1774
232 1675
232 192
1311 11
1311 430
1774 50
1312 8
1312 1033
1284 1020
94 867
104 1311
430 1311
673 1723
192 232
43 1405
1405 43
174 94
1312 1311
1623 1685
295 1564
1564 295
50 1774
1342 11
765 1512
43 94
1623 1780
515 1723
673 69
18 1312
619 1486
1561 1564
1033 1312
1279 767
1774 50
1331 1341
104 473
473 104
104 473
638 104
104 638
638 104
104 638
638 104
1439 1781
482 430
2 686
2 1
2 233
2 927
2 753
2 1460
104 638
1674 31
1550 1635
1189 1284
1020 1284
1126 1349
430 482
1312 1033
1516 1561
197 808
341 974
1466 308
1341 1331
1675 232
855 1397
1561 1516
1281 1740
1331 1341
233 1777
1331 1544
1331 1312
1341 1331
31 1674
31 376
31 1780
31 1564
1473 1492
1473 597
1646 748
482 430
1312 1331
1312 18
1254 430
638 104
104 638
18 1312
104 493
50 1774
493 104
493 428
1001 272
1730 8
104 493
104 357
259 429
1492 1473
11 1311
1311 11
11 1311
1311 11
11 1311
1311 11
1331 1312
1331 1341
560 430
1740 1281
1747 171
430 560
430 1254
430 482
493 104
428 493
1782 259
143 1757
1782 51
1782 143
143 1782
104 493
143 1782
560 94
1782 143
1312 1331
143 1471
560 430
1780 31
430 560
1312 1311
1712 560
143 1782
560 430
430 560
143 141
560 1712
616 1712
1712 616
1723 515
1782 211
1723 673
1331 1312
867 94
1331 1780
1331 1780
1780 1331
1331 1780
1780 1331
1331 1780
1254 430
1780 1331
31 1780
1780 31
1331 1780
673 1723
1780 1331
1331 1780
1331 1780
430 1254
937 31
1780 1331
1331 1780
1331 1435
1780 1331
1331 1780
1780 1331
1331 1780
397 26
1471 143
1674 31
392 192
1439 493
1345 1313
41 1439
41 71
71 41
1439 41
1544 1331
1712 616
482 430
248 482
1311 1312
1755 482
26 397
1331 1544
397 26
1757 143
493 428
493 1439
397 1737
104 638
1182 1348
430 482
104 307
357 104
482 1755
482 248
482 430
430 482
430 1747
1747 430
1747 430
1747 1471
1747 829
1471 1747
1747 1471
1747 1471
104 357
357 104
1712 1584
1584 1712
1712 1584
1584 1712
1712 1584
482 430
1312 1331
641 35
1782 1584
1345 1782
2 1783
1782 1345
104 1584
1312 18
1345 1782
1012 397
1033 1312
171 1747
397 1012
1486 131
104 1486
1486 619
1486 104
104 397
104 1486
1782 1345
430 482
430 1747
1782 1345
397 104
1345 1782
1237 1051
1433 1312
1782 1345
1345 1782
35 641
482 430
26 397
2 1747
41 71
430 482
482 430
352 1771
1051 1237
430 482
430 352
430 428
430 772
248 482
482 430
482 248
8 1730
8 1312
8 1312
0 311
1755 482
1747 430
1516 1561
1516 1561
1312 1433
430 482
430 1747
430 726
1782 1345
1372 709
131 1486
26 651
18 1312
482 430
397 26
482 1755
307 104
307 1761
311 0
430 482
482 430
641 35
104 307
104 397
31 937
1784 66
31 1674
318 1126
1433 1312
651 26
1331 1312
7 31
11 1311
1782 1723
26 651
26 397
1771 352
1284 31
7 31
397 26
651 26
270 26
1747 430
1784 31
1723 1782
1041 66
31 7
31 1284
31 7
31 1784
1755 482
482 1755
430 1747
767 1279
709 1372
131 1486
808 197
1584 1782
556 301
1761 307
1646 493
638 104
383 1747
1279 767
104 638
71 41
1749 1337
898 100
1755 482
1311 11
26 651
26 397
26 270
482 1755
1311 1312
1785 1623
1785 1343
1785 1230
397 26
651 26
809 174
493 1646
1312 1311
1312 8
1312 1331
1312 18
69 673
1747 383
748 1646
8 1312
1311 1312
974 341
143 1757
143 1471
143 11
968 1415
968 1755
1755 968
968 1755
1755 482
1755 968
968 1755
1755 968
968 1755
1755 968
0 311
11 1311
1311 11
11 1311
1311 11
11 1311
1311 11
1486 131
1486 131
808 197
1544 1331
1544 1753
1544 1753
1544 1753
1544 1753
1771 1394
94 1245
767 1279
1757 143
11 1311
1331 1312
1312 1311
1394 1771
1312 1331
1312 8
1331 1312
1312 1331
1771 1394
473 1785
143 1757
18 1312
18 1644
18 1644
1311 1312
1311 11
467 1584
1167 631
594 1100
11 1311
11 143
428 430
1311 11
1245 94
270 26
1782 1245
584 494
174 809
11 1311
1279 767
232 1675
437 318
188 1748
0 311
0 2
809 174
1168 546
996 1126
996 1424
430 428
1230 1749
651 104
1126 996
1126 318
35 43
1471 143
494 584
1214 193
1730 8
619 1486
248 502
442 31
66 1780
174 809
1584 467
26 397
1486 619
26 651
26 270
397 26
1343 1785
1646 493
1785 1343
1785 473
428 493
428 190
428 430
502 248
1643 139
1643 270
1643 11
430 428
8 1730
8 1312
1674 31
846 1674
26 397
94 174
94 43
397 26
397 26
94 560
1341 941
94 867
94 1245
341 974
1348 1182
1245 94
651 26
104 651
104 1623
104 1780
1623 104
1623 473
26 397
1126 1584
430 1394
809 174
104 1623
1623 104
104 1623
651 104
493 1646
493 428
941 1341
651 104
26 651
1341 941
397 26
560 94
290 1786
290 1786
190 428
1787 1770
1770 1787
1787 1770
1770 1787
1770 718
1757 143
673 1788
96 870
397 1012
1311 11
718 1770
428 190
1780 66
1780 104
651 26
1770 718
1012 397
397 1012
190 428
11 1311
974 341
397 1396
941 1341
1012 397
397 1012
1012 397
1012 397
397 1012
397 1012
1561 897
1012 397
556 1337
1337 556
0 1789
248 502
1100 594
1674 846
1674 846
1674 0
0 1674
0 2
1674 0
0 1674
1674 0
1675 232
1311 11
473 1785
1542 69
1542 108
104 1780
104 651
1542 1767
104 1770
1394 430
430 1394
846 1674
1785 473
1341 941
1785 473
941 1341
651 104
26 397
26 651
104 651
1396 501
1584 1126
318 437
318 1126
473 1785
473 1785
1770 104
1770 104
502 248
1058 712
397 26
968 1755
1755 968
1770 1284
1685 26
1723 1785
31 1790
1785 1723
1785 1254
1254 1785
1785 1602
1785 1490
1785 1343
1785 1279
1279 1785
0 1674
139 1643
188 1748
968 1755
1674 0
1674 846
104 1674
1167 1623
1674 104
174 809
1643 139
26 1685
104 1674
1490 1785
1755 968
1755 1602
1755 1129
104 96
1723 1785
104 1723
1723 104
1723 1790
712 1058
846 1674
1623 1167
1058 712
1126 1602
1126 1723
1723 1126
1126 839
1723 1126
1126 1723
1723 1126
430 1723
1723 430
104 1723
1284 1770
104 1723
430 1723
767 1279
1435 1331
638 104
651 26
1284 1189
1625 0
1312 8
1312 8
712 1058
809 174
104 638
104 397
493 1435
1723 430
397 104
1723 104
1508 198
1508 192
1791 1284
1791 1167
1167 1791
1791 71
171 1747
1791 1167
1791 519
1791 1398
1791 1309
1791 277
1791 1582
1435 493
1770 1284
1345 1432
1791 473
1279 767
430 1723
174 809
1284 1791
1284 1770
8 1312
8 1312
0 1625
1313 1345
71 1791
11 1311
1167 1791
11 996
11 8
11 1342
0 2
1030 1738
1030 706
1030 830
1343 1785
1791 1284
1791 71
1791 1167
1791 1372
248 502
0 2
0 2
0 2
0 2
0 2
198 1508
1747 171
1792 1473
1542 1214
1785 1343
1542 638
1311 11
104 1723
104 397
104 1791
104 1755
1058 712
1058 712
473 1791
1791 473
26 397
26 651
1755 104
397 104
397 26
1126 1793
1345 1313
104 397
104 1755
26 397
1755 104
1755 104
1755 104
311 131
748 1787
302 1723
210 0
210 92
1284 1791
397 26
397 104
397 696
1770 1284
92 210
1342 11
1755 1345
830 1030
1030 830
1030 650
131 311
1791 1284
1791 619
1345 1755
1020 1448
285 1755
855 49
1723 302
1723 104
1723 430
1296 1770
1785 1343
1791 1041
1791 340
139 1643
0 210
1770 1296
0 311
430 1723
71 1791
0 1625
1625 0
0 1625
0 1625
1625 0
1625 0
1625 0
0 1625
0 1625
0 1625
0 1625
0 2
